原函数为 1/(1+25*x^2)
插值点x为：
0.951057 0.587785 6.12323e-17 -0.587785 -0.951057 
多项式P(x)
1x^0-3.54298x^2+2.7465x^4
插值点x
0.987688 0.891007 0.707107 0.45399 0.156434 -0.156434 -0.45399 -0.707107 -0.891007 -0.987688 
多项式P(x)
0.730822x^0-4.81162x^2+12.6193x^4-14.0024x^6+5.51277x^8
插值点x为
0.994522 0.951057 0.866025 0.743145 0.587785 0.406737 0.207912 2.83277e-16 -0.207912 -0.406737 -0.587785 -0.743145 -0.866025 -0.951057 -0.994522 
多项式P(x)
1x^0-17.3641x^2+149.027x^4-646.864x^6+1510.61x^8-1927.18x^10+1264.42x^12-333.619x^14
插值点x为
0.996917 0.97237 0.92388 0.85264 0.760406 0.649448 0.522499 0.382683 0.233445 0.0784591 -0.0784591 -0.233445 -0.382683 -0.522499 -0.649448 -0.760406 -0.85264 -0.92388 -0.97237 -0.996917 
多项式P(x)
0.96241x^0-16.5422x^2+165.458x^4-960.825x^6+3379.02x^8-7413.45x^10+10195.5x^12-8534.89x^14+3973.16x^16-788.326x^18
