1.73205 0 0.246565 -0.284415 
0.877383 1.1547 -2.65534 1.73107 
1.6942 -0.360114 1.08903 -0.840814 
1.10782 1.03724 -2.34136 1.50455 
1.58231 -0.704489 1.88391 -1.36047 
1.30826 0.868187 -1.90499 1.19643 
1.40126 -1.01807 2.59644 -1.82066 
1.46788 0.647491 -1.34529 0.805728 
1.15897 -1.28716 3.1955 -2.20128 
1.57581 0.3741 -0.654492 0.324983 
0.866025 -1.5 3.6549 -2.48569 
1.6204 0.0400644 0.21013 -0.284682 
0.535233 -1.64728 3.95457 -2.66147 
1.58592 -0.39372 1.55456 -1.31472 
0.181049 -1.72256 4.0814 -2.72093 
1.43204 -1.22875 1.22876 -7.71028e-06 
-0.181049 -1.72256 4.02985 -2.66147 
1.43204 1.22874 -2.38958 1.31471 
-0.535233 -1.64728 3.80218 -2.48569 
1.58592 0.393717 -0.643908 0.284677 
-0.866025 -1.5 3.40834 -2.20128 
1.6204 -0.0400662 0.320461 -0.324986 
-1.15897 -1.28716 2.86553 -1.82066 
1.57581 -0.374101 1.0719 -0.805731 
-1.40126 -1.01807 2.19749 -1.36047 
1.46788 -0.647492 1.6843 -1.19643 
-1.58231 -0.704489 1.43341 -0.840814 
1.30826 -0.868188 2.17231 -1.50456 
-1.6942 -0.360114 0.606679 -0.284415 
1.10782 -1.03725 2.53788 -1.73107 
-1.73205 0 -0.246565 0.284415 
0.877383 -1.1547 2.78195 -1.87696 
-1.6942 0.360114 -1.08903 0.840814 
0.627668 -1.22169 2.90875 -1.94579 
-1.58231 0.704489 -1.88391 1.36047 
0.36894 -1.24156 2.92849 -1.94543 
-1.40126 1.01807 -2.59644 1.82066 
0.110449 -1.22085 2.86033 -1.89033 
-1.15897 1.28716 -3.1955 2.20128 
-0.140407 -1.17119 2.73945 -1.80745 
-0.866025 1.5 -3.6549 2.48569 
-0.379597 -1.11464 2.64406 -1.76028 
-0.535233 1.64728 -3.95457 2.66147 
-0.610455 -1.10736 2.92211 -2.069 
-0.181049 1.72256 -4.0814 2.72093 
-0.86471 -1.47015 1.47016 -5.41267e-06 
0.181049 1.72256 -4.02985 2.66147 
-0.86471 1.47014 -3.28489 2.069 
0.535233 1.64728 -3.80218 2.48569 
-0.610455 1.10736 -2.63679 1.76028 
0.866025 1.5 -3.40834 2.20128 
-0.379597 1.11464 -2.68289 1.80745 
1.15897 1.28716 -2.86553 1.82066 
-0.140407 1.17119 -2.81067 1.89033 
1.40126 1.01807 -2.19749 1.36047 
0.110449 1.22085 -2.90779 1.94543 
1.58231 0.704489 -1.43341 0.840814 
0.36894 1.24156 -2.92862 1.94579 
1.6942 0.360114 -0.606679 0.284415 
0.627668 1.22169 -2.84893 1.87696 
