1.73205 0 0.0256971 -0.356489 
0.877383 1.1547 -1.1854 0.621194 
1.40126 -1.01807 1.08535 -0.933301 
1.46788 0.647491 -0.547156 0.0177004 
0.535233 -1.64728 1.73044 -1.15362 
1.58592 -0.39372 0.393722 -2.49734e-06 
-0.535233 -1.64728 1.71455 -0.933301 
1.58592 0.393717 -0.494048 -0.0177041 
-1.40126 -1.01807 1.04377 -0.356489 
1.46788 -0.647492 0.678189 -0.621196 
-1.73205 0 -0.0256971 0.356489 
0.877383 -1.1547 1.22945 -0.841687 
-1.40126 1.01807 -1.08535 0.933301 
0.110449 -1.22085 1.38636 -0.886409 
-0.535233 1.64728 -1.73044 1.15362 
-0.610455 -1.10736 1.10736 -3.00426e-07 
0.535233 1.64728 -1.71455 0.933301 
-0.610455 1.10736 -1.27287 0.886408 
1.40126 1.01807 -1.04377 0.356489 
0.110449 1.22085 -1.29561 0.841687 
