1.73205 0 0.206979 -0.228304 
0.877383 1.1547 -2.85518 1.8757 
1.71073 -0.270952 0.886793 -0.679289 
1.0526 1.07143 -2.62245 1.71088 
1.64728 -0.535233 1.54477 -1.11355 
1.21246 0.959178 -2.31637 1.49714 
1.54327 -0.786335 2.16471 -1.52039 
1.35241 0.817854 -1.93679 1.23441 
1.40126 -1.01807 2.73135 -1.88979 
1.46788 0.647491 -1.48337 0.922286 
1.22474 -1.22474 3.23074 -2.21266 
1.55428 0.447602 -0.953341 0.558291 
1.01807 -1.40126 3.65057 -2.48105 
1.60684 0.215794 -0.336154 0.133539 
0.786335 -1.54327 3.98051 -2.68834 
1.62002 -0.0558962 0.403214 -0.381417 
0.535233 -1.64728 4.21244 -2.82944 
1.58592 -0.39372 1.40707 -1.11177 
0.270952 -1.71073 4.34065 -2.90087 
1.4875 -0.914868 -876.544 877.127 
1.06058e-16 -1.73205 4.36197 -2.90087 
1.1547 877.376 -1754.67 877.625 
-0.270952 -1.71073 4.27589 -2.82944 
1.4875 0.914864 -1.92821 1.11176 
-0.535233 -1.64728 4.08452 -2.68834 
1.58592 0.393717 -0.74103 0.381413 
-0.786335 -1.54327 3.79258 -2.48105 
1.62002 0.0558943 0.0644694 -0.133543 
-1.01807 -1.40126 3.40725 -2.21266 
1.60684 -0.215795 0.721537 -0.558294 
-1.22474 -1.22474 2.93802 -1.88979 
1.55428 -0.447603 1.28349 -0.922288 
-1.40126 -1.01807 2.39645 -1.52039 
1.46788 -0.647492 1.76643 -1.23441 
-1.54327 -0.786335 1.79587 -1.11355 
1.35241 -0.817855 2.17504 -1.49714 
-1.64728 -0.535233 1.15107 -0.679289 
1.21246 -0.959178 2.5102 -1.71088 
-1.71073 -0.270952 0.477932 -0.228304 
1.0526 -1.07143 2.77191 -1.8757 
-1.73205 0 -0.206979 0.228304 
0.877383 -1.1547 2.96078 -1.99213 
-1.71073 0.270952 -0.886793 0.679289 
0.69133 -1.20954 3.07874 -2.06171 
-1.64728 0.535233 -1.54477 1.11355 
0.49882 -1.23719 3.12966 -2.08732 
-1.54327 0.786335 -2.16471 1.52039 
0.303966 -1.23984 3.11998 -2.07366 
-1.40126 1.01807 -2.73135 1.88979 
0.110449 -1.22085 3.05962 -2.02793 
-1.22474 1.22474 -3.23074 2.21266 
-0.0787086 -1.18539 2.96402 -1.96143 
-1.01807 1.40126 -3.65057 2.48105 
-0.261508 -1.14164 2.85911 -1.89364 
-0.786335 1.54327 -3.98051 2.68834 
-0.437676 -1.10434 2.79771 -1.86615 
-0.535233 1.64728 -4.21244 2.82944 
-0.610455 -1.10736 2.94184 -2.01748 
-0.270952 1.71073 -4.34065 2.90087 
-0.793464 -1.27614 -875.902 876.817 
-3.18173e-16 1.73205 -4.36197 2.90087 
-1.1547 877.371 -1754.93 877.924 
0.270952 1.71073 -4.27589 2.82944 
-0.793464 1.27613 -3.1106 2.01748 
0.535233 1.64728 -4.08452 2.68834 
-0.610455 1.10736 -2.80073 1.86615 
0.786335 1.54327 -3.79258 2.48105 
-0.437676 1.10434 -2.82182 1.89364 
1.01807 1.40126 -3.40725 2.21266 
-0.261508 1.14164 -2.92027 1.96143 
1.22474 1.22474 -2.93802 1.88979 
-0.0787086 1.18539 -3.02416 2.02793 
1.40126 1.01807 -2.39645 1.52039 
0.110449 1.22085 -3.10099 2.07366 
1.54327 0.786335 -1.79587 1.11355 
0.303966 1.23984 -3.13231 2.08732 
1.64728 0.535233 -1.15107 0.679289 
0.49882 1.23719 -3.10639 2.06171 
1.71073 0.270952 -0.477932 0.228304 
0.69133 1.20954 -3.01562 1.99213 
