1.73205 0 0.063994 -0.0653293 
0.877383 1.1547 -3.311 2.20129 
1.73072 -0.068 0.259883 -0.195887 
0.922378 1.13658 -3.25708 2.16475 
1.72671 -0.135895 0.455372 -0.326143 
0.966626 1.11667 -3.198 2.12476 
1.72005 -0.203581 0.650158 -0.455896 
1.01006 1.09495 -3.13371 2.0813 
1.71073 -0.270952 0.843942 -0.584946 
1.0526 1.07143 -3.06421 2.03436 
1.69877 -0.337906 1.03642 -0.713094 
1.09418 1.04609 -2.98947 1.98393 
1.68419 -0.404339 1.22731 -0.840142 
1.13474 1.01894 -2.9095 1.93001 
1.66702 -0.470149 1.4163 -0.965895 
1.17419 0.989968 -2.82428 1.87259 
1.64728 -0.535233 1.60311 -1.09016 
1.21246 0.959178 -2.73383 1.81168 
1.625 -0.599492 1.78745 -1.21274 
1.2495 0.926569 -2.63813 1.74728 
1.60021 -0.662827 1.96903 -1.33345 
1.28521 0.892145 -2.53721 1.67939 
1.57295 -0.72514 2.14757 -1.45211 
1.31954 0.855906 -2.43105 1.60802 
1.54327 -0.786335 2.3228 -1.56853 
1.35241 0.817854 -2.31967 1.53316 
1.51121 -0.846317 2.49445 -1.68253 
1.38375 0.777989 -2.20307 1.45482 
1.47682 -0.904994 2.66226 -1.79393 
1.41349 0.73631 -2.08123 1.37299 
1.44015 -0.962276 2.82596 -1.90257 
1.44156 0.692813 -1.95415 1.28766 
1.40126 -1.01807 2.9853 -2.00828 
1.46788 0.647491 -1.82179 1.19881 
1.36021 -1.0723 3.14004 -2.11089 
1.49239 0.600332 -1.68412 1.10641 
1.31706 -1.12488 3.28994 -2.21024 
1.51501 0.551317 -1.54108 1.01042 
1.27188 -1.17572 3.43476 -2.30618 
1.53566 0.500419 -1.39258 0.91078 
1.22474 -1.22474 3.57429 -2.39857 
1.55428 0.447602 -1.23849 0.807398 
1.17572 -1.27188 3.70831 -2.48726 
1.57079 0.392813 -1.07866 0.700161 
1.12488 -1.31706 3.83661 -2.57212 
1.58511 0.335982 -0.912851 0.588912 
1.0723 -1.36021 3.95899 -2.65301 
1.59715 0.277017 -0.740776 0.473443 
1.01807 -1.40126 4.07527 -2.72981 
1.60684 0.215794 -0.562037 0.353476 
0.962276 -1.44015 4.18527 -2.8024 
1.61407 0.152148 -0.376111 0.228645 
0.904994 -1.47682 4.28881 -2.87067 
1.61875 0.0858619 -0.1823 0.0984606 
0.846317 -1.51121 4.38574 -2.93451 
1.62077 0.0166445 0.0203301 -0.0377336 
0.786335 -1.54327 4.4759 -2.99383 
1.62002 -0.0558962 0.233042 -0.180827 
0.72514 -1.57295 4.55917 -3.04853 
1.61633 -0.132294 0.457568 -0.332043 
0.662827 -1.60021 4.6354 -3.09853 
1.60957 -0.213287 0.696328 -0.493097 
0.599492 -1.625 4.70449 -3.14375 
1.59951 -0.299922 0.952785 -0.666456 
0.535233 -1.64728 4.76632 -3.18413 
1.58592 -0.39372 1.23206 -0.855788 
0.470149 -1.66702 4.82081 -3.2196 
1.56846 -0.496974 1.54201 -1.06679 
0.404339 -1.68419 4.86786 -3.2501 
1.54671 -0.613315 1.89548 -1.30883 
0.337906 -1.69877 4.9074 -3.27559 
1.52004 -0.748857 2.31496 -1.59865 
0.270952 -1.71073 4.93938 -3.29603 
1.4875 -0.914868 2.84471 -1.96985 
0.203581 -1.72005 4.96374 -3.31139 
1.4475 -1.135 3.58897 -2.50456 
0.135895 -1.72671 4.98045 -3.32164 
1.3969 -1.47075 4.90077 -3.49927 
0.068 -1.73072 4.98948 -3.32677 
1.32766 -2.16701 -873.561 875.555 
1.06058e-16 -1.73205 4.99082 -3.32677 
1.1547 877.376 -1756.4 879.197 
-0.068 -1.73072 4.98446 -3.32164 
1.32766 2.16698 -5.59696 3.49923 
-0.135895 -1.72671 4.97041 -3.31139 
1.3969 1.47073 -3.92468 2.50454 
-0.203581 -1.72005 4.9487 -3.29603 
1.4475 1.135 -3.06483 1.96984 
-0.270952 -1.71073 4.91936 -3.27559 
1.4875 0.914864 -2.48096 1.59864 
-0.337906 -1.69877 4.88244 -3.2501 
1.52004 0.748853 -2.03101 1.30883 
-0.404339 -1.68419 4.83798 -3.2196 
1.54671 0.613311 -1.65835 1.06678 
-0.470149 -1.66702 4.78607 -3.18413 
1.56846 0.496972 -1.3353 0.855783 
-0.535233 -1.64728 4.72677 -3.14375 
1.58592 0.393717 -1.04658 0.666451 
-0.599492 -1.625 4.66019 -3.09853 
1.59951 0.29992 -0.782956 0.493092 
-0.662827 -1.60021 4.58642 -3.04853 
1.60957 0.213285 -0.538555 0.332039 
-0.72514 -1.57295 4.50558 -2.99383 
1.61633 0.132292 -0.309434 0.180823 
-0.786335 -1.54327 4.4178 -2.93451 
1.62002 0.0558943 -0.0928652 0.0377299 
-0.846317 -1.51121 4.3232 -2.87067 
1.62077 -0.0166463 0.113088 -0.0984641 
-0.904994 -1.47682 4.22193 -2.8024 
1.61875 -0.0858637 0.30983 -0.228648 
-0.962276 -1.44015 4.11416 -2.72981 
1.61407 -0.15215 0.498396 -0.353479 
-1.01807 -1.40126 4.00004 -2.65301 
1.60684 -0.215795 0.679557 -0.473446 
-1.0723 -1.36021 3.87975 -2.57212 
1.59715 -0.277018 0.85389 -0.588915 
-1.12488 -1.31706 3.75349 -2.48726 
1.58511 -0.335984 1.02183 -0.700164 
-1.17572 -1.27188 3.62143 -2.39857 
1.57079 -0.392814 1.18371 -0.807401 
-1.22474 -1.22474 3.48379 -2.30618 
1.55428 -0.447603 1.33977 -0.910783 
-1.27188 -1.17572 3.34078 -2.21024 
1.53566 -0.500421 1.49019 -1.01042 
-1.31706 -1.12488 3.19262 -2.11089 
1.51501 -0.551318 1.63511 -1.10641 
-1.36021 -1.0723 3.03953 -2.00828 
1.49239 -0.600333 1.77464 -1.19881 
-1.40126 -1.01807 2.88176 -1.90257 
1.46788 -0.647492 1.90883 -1.28766 
-1.44015 -0.962276 2.71954 -1.79393 
1.44156 -0.692814 2.03774 -1.37299 
-1.47682 -0.904994 2.55313 -1.68253 
1.41349 -0.736311 2.16139 -1.45482 
-1.51121 -0.846317 2.38278 -1.56853 
1.38375 -0.77799 2.27981 -1.53316 
-1.54327 -0.786335 2.20876 -1.45211 
1.35241 -0.817855 2.39301 -1.60802 
-1.57295 -0.72514 2.03134 -1.33345 
1.31954 -0.855907 2.50097 -1.67939 
-1.60021 -0.662827 1.85078 -1.21274 
1.28521 -0.892146 2.60371 -1.74728 
-1.625 -0.599492 1.66737 -1.09016 
1.2495 -0.92657 2.70122 -1.81168 
-1.64728 -0.535233 1.48139 -0.965895 
1.21246 -0.959178 2.79349 -1.87259 
-1.66702 -0.470149 1.29312 -0.840142 
1.17419 -0.989969 2.88053 -1.93001 
-1.68419 -0.404339 1.10286 -0.713094 
1.13474 -1.01894 2.96232 -1.98393 
-1.69877 -0.337906 0.910896 -0.584946 
1.09418 -1.04609 3.03887 -2.03436 
-1.71073 -0.270952 0.71753 -0.455896 
1.0526 -1.07143 3.11019 -2.0813 
-1.72005 -0.203581 0.523057 -0.326143 
1.01006 -1.09495 3.17629 -2.12476 
-1.72671 -0.135895 0.327778 -0.195887 
0.966626 -1.11667 3.23717 -2.16475 
-1.73072 -0.068 0.131994 -0.0653293 
0.922378 -1.13658 3.29288 -2.20129 
-1.73205 0 -0.063994 0.0653293 
0.877383 -1.1547 3.34343 -2.2344 
-1.73072 0.068 -0.259883 0.195887 
0.831711 -1.17104 3.38886 -2.2641 
-1.72671 0.135895 -0.455372 0.326143 
0.785433 -1.18561 3.42922 -2.29042 
-1.72005 0.203581 -0.650158 0.455896 
0.738616 -1.19844 3.46456 -2.3134 
-1.71073 0.270952 -0.843942 0.584946 
0.69133 -1.20954 3.49494 -2.33309 
-1.69877 0.337906 -1.03642 0.713094 
0.643642 -1.21893 3.52044 -2.34953 
-1.68419 0.404339 -1.22731 0.840142 
0.595617 -1.22665 3.54114 -2.36279 
-1.66702 0.470149 -1.4163 0.965895 
0.547322 -1.23273 3.55714 -2.37292 
-1.64728 0.535233 -1.60311 1.09016 
0.49882 -1.23719 3.56854 -2.37999 
-1.625 0.599492 -1.78745 1.21274 
0.450174 -1.24009 3.57545 -2.38409 
-1.60021 0.662827 -1.96903 1.33345 
0.401444 -1.24146 3.57802 -2.38531 
-1.57295 0.72514 -2.14757 1.45211 
0.352689 -1.24136 3.57639 -2.38375 
-1.54327 0.786335 -2.3228 1.56853 
0.303966 -1.23984 3.57072 -2.37952 
-1.51121 0.846317 -2.49445 1.68253 
0.25533 -1.23695 3.56119 -2.37274 
-1.47682 0.904994 -2.66226 1.79393 
0.206833 -1.23278 3.54801 -2.36354 
-1.44015 0.962276 -2.82596 1.90257 
0.158524 -1.22738 3.5314 -2.35209 
-1.40126 1.01807 -2.9853 2.00828 
0.110449 -1.22085 3.51159 -2.33854 
-1.36021 1.0723 -3.14004 2.11089 
0.0626518 -1.21328 3.48888 -2.32308 
-1.31706 1.12488 -3.28994 2.21024 
0.0151707 -1.20476 3.46356 -2.30593 
-1.27188 1.17572 -3.43476 2.30618 
-0.0319594 -1.19542 3.43599 -2.28732 
-1.22474 1.22474 -3.57429 2.39857 
-0.0787086 -1.18539 3.40656 -2.26751 
-1.17572 1.27188 -3.70831 2.48726 
-0.125053 -1.17481 3.37571 -2.24682 
-1.12488 1.31706 -3.83661 2.57212 
-0.170973 -1.16385 3.34397 -2.2256 
-1.0723 1.36021 -3.95899 2.65301 
-0.216459 -1.15272 3.31193 -2.20426 
-1.01807 1.40126 -4.07527 2.72981 
-0.261508 -1.14164 3.2803 -2.18328 
-0.962276 1.44015 -4.18527 2.8024 
-0.306127 -1.13089 3.24994 -2.16326 
-0.904994 1.47682 -4.28881 2.87067 
-0.350336 -1.1208 3.22187 -2.14491 
-0.846317 1.51121 -4.38574 2.93451 
-0.394168 -1.11178 3.19737 -2.1291 
-0.786335 1.54327 -4.4759 2.99383 
-0.437676 -1.10434 3.17806 -2.11697 
-0.72514 1.57295 -4.55917 3.04853 
-0.480932 -1.09915 3.16602 -2.10998 
-0.662827 1.60021 -4.6354 3.09853 
-0.524043 -1.09706 3.16403 -2.11008 
-0.599492 1.625 -4.70449 3.14375 
-0.567151 -1.09924 3.17594 -2.12 
-0.535233 1.64728 -4.76632 3.18413 
-0.610455 -1.10736 3.20723 -2.14365 
-0.470149 1.66702 -4.82081 3.2196 
-0.654232 -1.12384 3.26617 -2.18698 
-0.404339 1.68419 -4.86786 3.2501 
-0.698878 -1.15243 3.36595 -2.25962 
-0.337906 1.69877 -4.9074 3.27559 
-0.744982 -1.1994 3.52949 -2.37857 
-0.270952 1.71073 -4.93938 3.29603 
-0.793464 -1.27614 3.80142 -2.57771 
-0.203581 1.72005 -4.96374 3.31139 
-0.845897 -1.40644 4.28637 -2.93941 
-0.135895 1.72671 -4.98045 3.32164 
-0.905381 -1.65194 5.3378 -3.76045 
-0.068 1.73072 -4.98948 3.32677 
-0.979965 -2.25768 -873.38 875.463 
-3.18173e-16 1.73205 -4.99082 3.32677 
-1.1547 877.371 -1756.48 879.279 
0.068 1.73072 -4.98446 3.32164 
-0.979965 2.25765 -5.94348 3.76041 
0.135895 1.72671 -4.97041 3.31139 
-0.905381 1.65193 -4.53185 2.9394 
0.203581 1.72005 -4.9487 3.29603 
-0.845897 1.40644 -3.93171 2.57771 
0.270952 1.71073 -4.91936 3.27559 
-0.793464 1.27613 -3.60622 2.37857 
0.337906 1.69877 -4.88244 3.2501 
-0.744982 1.1994 -3.41291 2.25962 
0.404339 1.68419 -4.83798 3.2196 
-0.698878 1.15243 -3.29476 2.18698 
0.470149 1.66702 -4.78607 3.18413 
-0.654232 1.12384 -3.22371 2.14365 
0.535233 1.64728 -4.72677 3.14375 
-0.610455 1.10736 -3.18406 2.12 
0.599492 1.625 -4.66019 3.09853 
-0.567151 1.09924 -3.16622 2.11008 
0.662827 1.60021 -4.58642 3.04853 
-0.524043 1.09706 -3.16393 2.10998 
0.72514 1.57295 -4.50558 2.99383 
-0.480932 1.09915 -3.17286 2.11697 
0.786335 1.54327 -4.4178 2.93451 
-0.437676 1.10434 -3.18994 2.1291 
0.846317 1.51121 -4.3232 2.87067 
-0.394168 1.11178 -3.21285 2.14491 
0.904994 1.47682 -4.22193 2.8024 
-0.350336 1.1208 -3.23985 2.16326 
0.962276 1.44015 -4.11416 2.72981 
-0.306127 1.13089 -3.26955 2.18328 
1.01807 1.40126 -4.00004 2.65301 
-0.261508 1.14164 -3.30085 2.20426 
1.0723 1.36021 -3.87975 2.57212 
-0.216459 1.15272 -3.33283 2.2256 
1.12488 1.31706 -3.75349 2.48726 
-0.170973 1.16385 -3.36476 2.24682 
1.17572 1.27188 -3.62143 2.39857 
-0.125053 1.17481 -3.39598 2.26751 
1.22474 1.22474 -3.48379 2.30618 
-0.0787086 1.18539 -3.42596 2.28732 
1.27188 1.17572 -3.34078 2.21024 
-0.0319594 1.19543 -3.45423 2.30593 
1.31706 1.12488 -3.19262 2.11089 
0.0151707 1.20477 -3.48037 2.32308 
1.36021 1.0723 -3.03953 2.00828 
0.0626518 1.21328 -3.50402 2.33854 
1.40126 1.01807 -2.88176 1.90257 
0.110449 1.22085 -3.52487 2.35209 
1.44015 0.962276 -2.71954 1.79393 
0.158524 1.22738 -3.54262 2.36354 
1.47682 0.904994 -2.55313 1.68253 
0.206833 1.23278 -3.55702 2.37274 
1.51121 0.846317 -2.38278 1.56853 
0.25533 1.23695 -3.56784 2.37952 
1.54327 0.786335 -2.20876 1.45211 
0.303966 1.23984 -3.57487 2.38375 
1.57295 0.72514 -2.03134 1.33345 
0.352689 1.24136 -3.57792 2.38531 
1.60021 0.662827 -1.85078 1.21274 
0.401444 1.24146 -3.57683 2.38409 
1.625 0.599492 -1.66737 1.09016 
0.450174 1.24009 -3.57143 2.37999 
1.64728 0.535233 -1.48139 0.965895 
0.49882 1.23719 -3.56161 2.37292 
1.66702 0.470149 -1.29312 0.840142 
0.547322 1.23273 -3.54722 2.36279 
1.68419 0.404339 -1.10286 0.713094 
0.595617 1.22665 -3.52816 2.34953 
1.69877 0.337906 -0.910896 0.584946 
0.643642 1.21893 -3.50434 2.33309 
1.71073 0.270952 -0.71753 0.455896 
0.69133 1.20954 -3.47565 2.3134 
1.72005 0.203581 -0.523057 0.326143 
0.738616 1.19844 -3.44204 2.29042 
1.72671 0.135895 -0.327778 0.195887 
0.785433 1.18561 -3.40343 2.2641 
1.73072 0.068 -0.131994 0.0653293 
0.831711 1.17104 -3.35976 2.2344 
